141127 прв 22 0 0 0 87.75 22 109.75
142009 втор 0 0 0 0 59.91 0 59.91
143056 втор 17 4 7 7 73.34 35 108.34
143064 втор 23 4 0 0 56.43 27 83.43
143137 трет 11 3 0 0 35.94 14 49.94
143190 трет 18 3 0 0 66.59 21 87.59
148005 втор 14 2 0 0 60.33 16 76.33
151179 прв 22 4 3 5 69.05 34 103.05
151230 втор 13 0 2 2 67.75 17 84.75
151535 прв 15 0 0 0 12.49 15 27.49
153020 прв 23 5 0 0 65.8 28 93.8
153029 втор 13 4 0 0 67.17 17 84.17
153145 прв 19 1 2 6 53.58 28 81.58
153192 прв 19 0 0 0 71.33 19 90.33
155040 прв 21 2 0 0 42.5 23 65.5
161160 прв 18 2 0 0 78.35 20 98.35
162040 втор 14 2 0 0 62.3 16 78.3
163036 втор 13 3 2 3 75.97 21 96.97
163093 трет 8 0 0 0 47.66 8 55.66
163109 прв 19 2 2 0 47.5 23 70.5
165010 прв 21 4 4 3 49.65 32 81.65
165037 втор 15 3 0 0 76.15 18 94.15
171081 втор 17 4 5 4 100 30 130
171102 прв 18 0 6 4 63.65 28 91.65
171213 прв 24 4 0 0 71.4 28 99.4
171252 прв 19 2 0 0 49.3 21 70.3
171254 прв 19 5 2 0 69.8 26 95.8
171295 втор 12 2 0 0 57.37 14 71.37
172077 втор 23 4 0 0 82.99 27 109.99
173056 трет 22 0 0 0 49.81 22 71.81
173068 трет 17 4 0 0 48.67 21 69.67
173075 трет 20 3 3 0 84.34 26 110.34
173093 прв 23 3 3 0 71.4 29 100.4
173095 втор 12 0 0 0 54.47 12 66.47
173099 прв 23 0 0 0 96.9 23 119.9
173169 втор 10 0 0 0 63.78 10 73.78
173191 прв 21 4 3 0 80 28 108
173258 втор 16 3 0 3 22.5 22 44.5
175003 прв 20 3 0 0 65.4 23 88.4
175004 втор 13 0 0 0 48.7 13 61.7
175033 прв 24 4 0 0 73.95 28 101.95
176003 прв 21 3 6 0 77.28 30 107.28
176009 прв 22 4 0 0 65.65 26 91.65
181116 втор 21 4 0 0 68.86 25 93.86
181191 втор 22 0 0 0 32 22 54
181200 втор 13 2 5 3 48.85 23 71.85
181201 втор 13 3 2 3 63.95 21 84.95
181226 трет 24 3 0 0 52.5 27 79.5
181234 трет 10 3 0 0 69.66 13 82.66
181239 трет 15 3 0 0 27.28 18 45.28
181268 прв 24 5 8 0 68.15 37 105.15
182004 втор 12 2 0 0 56.17 14 70.17
182041 прв 24 4 0 0 107 28 135
183006 втор 19 4 2 0 81 25 106
183007 прв 21 3 0 0 48.2 24 72.2
183026 втор 17 4 0 3 62.25 24 86.25
183104 прв 24 5 3 0 95.33 32 127.33
183108 втор 12 0 0 0 44.09 12 56.09
183136 прв 16 0 2 0 29.06 18 47.06
183137 прв 19 2 0 0 42 21 63
183152 прв 18 4 0 0 69.5 22 91.5
183175 втор 18 0 5 0 56.69 23 79.69
183199 втор 13 3 0 3 42.62 19 61.62
183287 втор 17 3 0 0 31.35 20 51.35
183290 трет 19 4 0 0 43.28 23 66.28
185058 трет 18 3 7 7 66.99 35 101.99
185070 трет 20 4 3 0 73.51 27 100.51
186036 прв 20 2 2 3 48.05 27 75.05
186061 втор 23 5 5 0 67.68 33 100.68
186102 прв 20 2 0 0 43.4 22 65.4
186120 втор 25 3 0 0 49.36 28 77.36
191009 прв 18 0 0 0 52.05 18 70.05
191020 втор 25 5 15 0 57 45 102
191041 прв 19 2 0 0 40.86 21 61.86
191043 втор 14 4 3 3 42.94 24 66.94
191049 прв 23 4 0 5 91.25 32 123.25
191052 прв 18 2 4 0 61.9 24 85.9
191061 прв 24 4 0 0 80.75 28 108.75
191092 прв 23 5 0 0 79.5 28 107.5
191096 втор 21 2 15 3 53.02 41 94.02
191105 втор 16 2 0 0 41.6 18 59.6
191114 трет 15 3 0 0 34.49 18 52.49
191120 трет 23 4 0 0 34.01 27 61.01
191160 трет 16 0 0 0 60.5 16 76.5
191161 прв 18 5 0 0 59.02 23 82.02
191175 прв 21 5 0 0 65.97 26 91.97
191186 втор 19 3 0 0 63.34 22 85.34
191189 прв 18 2 0 0 40.78 20 60.78
191229 втор 19 4 7 7 89.17 37 126.17
191230 прв 24 4 9 5 68.39 42 110.39
191240 прв 21 4 0 0 100 25 125
191256 прв 23 5 0 0 75.15 28 103.15
191257 прв 21 4 5 0 84.25 30 114.25
191274 прв 21 5 8 8 76.17 42 118.17
191288 втор 14 4 0 0 21.33 18 39.33
192007 втор 25 4 15 12 76.33 56 132.33
192022 втор 16 4 0 0 90.32 20 110.32
192063 трет 17 0 7 7 14.47 31 45.47
192067 трет 24 5 0 0 82.84 29 111.84
192118 трет 24 4 5 0 70.8 33 103.8
193063 втор 16 4 7 3 37 30 67
193177 втор 24 4 10 2 37.31 40 77.31
193211 втор 15 3 0 3 40.57 21 61.57
193218 прв 22 4 0 0 42.5 26 68.5
193226 втор 22 3 2 0 61.21 27 88.21
193248 прв 22 4 0 0 56.5 26 82.5
193254 прв 21 3 9 10 57 43 100
193265 прв 22 4 12 14 58.43 52 110.43
195034 втор 21 2 0 0 42.17 23 65.17
195037 втор 16 3 5 0 69.04 24 93.04
195041 втор 19 4 0 0 44.17 23 67.17
195058 втор 15 5 0 0 45.5 20 65.5
195089 трет 16 2 0 0 32.73 18 50.73
196012 трет 16 4 0 0 55.17 20 75.17
196015 прв 23 5 8 0 67.95 36 103.95
196084 втор 10 4 0 0 50.32 14 64.32
196086 прв 24 0 4 0 55 28 83
196119 втор 15 4 7 0 30 26 56
196141 прв 19 1 7 6 36.17 33 69.17
201001 втор 17 3 0 0 32.81 20 52.81
201002 прв 24 5 9 4 91.33 42 133.33
201006 втор 18 3 0 3 63.92 24 87.92
201008 прв 21 5 0 0 50.95 26 76.95
201019 прв 20 5 6 0 80 31 111
201022 прв 22 4 0 0 94.83 26 120.83
201024 прв 19 5 0 0 63.4 24 87.4
201041 втор 19 3 0 7 65 29 94
201044 втор 14 5 7 3 57.68 29 86.68
201046 втор 23 5 7 10 57 45 102
201049 втор 15 3 2 0 45.49 20 65.49
201063 трет 23 4 7 13 78.31 47 125.31
201068 прв 24 5 0 0 63.67 29 92.67
201069 втор 25 5 0 0 38.52 30 68.52
201071 прв 23 5 9 12 92.5 49 141.5
201089 втор 25 3 7 3 57.6 38 95.6
201099 прв 23 4 3 8 69.1 38 107.1
201116 втор 16 4 3 3 46.5 26 72.5
201118 прв 17 4 0 0 28.5 21 49.5
201139 прв 24 5 11 4 77.13 44 121.13
201150 прв 18 4 4 3 46 29 75
201161 прв 21 5 14 0 87 40 127
201172 прв 19 4 0 0 69.17 23 92.17
201185 втор 21 2 5 5 58.51 33 91.51
201188 втор 12 2 0 3 21.7 17 38.7
201201 втор 25 5 5 12 63.5 47 110.5
201203 втор 18 5 7 5 95 35 130
201205 трет 11 0 0 0 39.44 11 50.44
201206 трет 23 3 7 7 46.86 40 86.86
201211 трет 21 0 0 0 49.18 21 70.18
201219 прв 15 0 0 0 53.55 15 68.55
201221 втор 25 5 0 0 63.81 30 93.81
201224 прв 23 4 0 0 79.33 27 106.33
201227 втор 24 5 7 3 80.33 39 119.33
201235 прв 18 1 0 0 46 19 65
202003 прв 21 2 0 0 74.55 23 97.55
202013 прв 23 4 0 0 110.75 27 137.75
202015 прв 22 2 6 3 58.75 33 91.75
202018 прв 21 3 9 0 84.08 33 117.08
202022 прв 19 4 7 3 39.39 33 72.39
202023 втор 17 4 0 3 59.81 24 83.81
202025 втор 22 0 15 3 91.57 40 131.57
203004 втор 23 4 0 0 49.97 27 76.97
203008 втор 25 5 0 0 95 30 125
203014 трет 20 4 0 0 87.01 24 111.01
203031 трет 23 4 0 0 76 27 103
203036 трет 19 3 2 0 79 24 103
203052 прв 23 5 15 15 81.5 58 139.5
203055 втор 9 2 2 0 49.87 13 62.87
203058 прв 14 2 4 1 91.9 21 112.9
203064 трет 15 2 0 0 57.11 17 74.11
203069 прв 22 5 9 0 51.4 36 87.4
203072 втор 17 3 0 0 44.17 20 64.17
203074 прв 19 0 0 0 57.25 19 76.25
203086 втор 18 4 7 3 76 32 108
203098 прв 23 4 0 0 78.5 27 105.5
203120 прв 21 4 6 0 52.05 31 83.05
203129 прв 19 4 0 0 63.29 23 86.29
203140 прв 14 0 0 0 65.75 14 79.75
203153 втор 16 4 3 0 52.42 23 75.42
203161 втор 16 4 0 0 54 20 74
203168 втор 21 5 5 3 91.17 34 125.17
203176 трет 17 2 0 0 57.84 19 76.84
203189 трет 25 4 15 0 62.5 44 106.5
203196 трет 15 4 7 3 38.82 29 67.82
203220 прв 19 1 0 0 37.82 20 57.82
203234 втор 19 5 0 0 66.6 24 90.6
203238 прв 17 2 0 1 32.74 20 52.74
203247 прв 12 4 4 0 28.4 20 48.4
203258 втор 12 3 0 0 39.57 15 54.57
203288 прв 21 5 0 0 62.1 26 88.1
204005 втор 21 4 3 0 51.5 28 79.5
205002 прв 21 4 0 0 57 25 82
205005 прв 22 5 0 0 87.5 27 114.5
205009 прв 20 0 0 0 62.77 20 82.77
205023 прв 20 4 0 0 44 24 68
205024 втор 18 3 0 0 79.17 21 100.17
206005 втор 25 5 15 15 90 60 150
206019 втор 23 5 2 0 65.83 30 95.83
206023 втор 25 5 0 0 102 30 132
206030 трет 23 0 0 0 100.32 23 123.32
206046 трет 19 3 0 0 32.5 22 54.5
206063 трет 16 3 0 0 38.84 19 57.84
211005 прв 19 2 9 0 84.25 30 114.25
211006 втор 25 5 15 0 102.5 45 147.5
211009 прв 24 5 9 0 88.33 38 126.33
211011 втор 21 5 7 3 77.17 36 113.17
211015 прв 23 5 9 11 104 48 152
211016 втор 23 3 7 13 87 46 133
211017 прв 24 4 8 9 97 45 142
211018 втор 21 4 5 0 82.92 30 112.92
211019 прв 23 5 8 0 80 36 116
211020 прв 20 3 6 0 47.8 29 76.8
211021 прв 24 5 15 15 99 59 158
211022 прв 23 5 14 15 105 57 162
211023 втор 25 4 0 0 59.53 29 88.53
211024 втор 17 4 0 0 65 21 86
211025 втор 21 5 15 15 93 56 149
211026 втор 23 5 2 10 82.5 40 122.5
211028 трет 23 4 7 3 96.27 37 133.27
211029 трет 21 4 0 3 60.3 28 88.3
211031 трет 24 5 0 0 90 29 119
211032 прв 23 5 0 0 77.5 28 105.5
211033 втор 25 4 15 10 90 54 144
211034 прв 20 3 13 12 70.5 48 118.5
211035 втор 25 5 2 0 68.66 32 100.66
211036 прв 24 5 9 9 89 47 136
211039 втор 15 3 3 0 72.24 21 93.24
211040 прв 20 3 2 0 66.3 25 91.3
211041 втор 25 5 15 10 97.5 55 152.5
211042 прв 21 0 2 1 62.9 24 86.9
211046 прв 24 5 10 8 103 47 150
211047 прв 24 4 14 15 97.5 57 154.5
211048 прв 21 3 5 0 74 29 103
211050 втор 22 4 2 0 98.82 28 126.82
211051 втор 21 5 7 7 101.67 40 141.67
211054 втор 22 5 15 13 85.47 55 140.47
211055 втор 17 3 3 3 70.83 26 96.83
211058 трет 20 3 0 0 82.19 23 105.19
211060 трет 18 3 2 3 64 26 90
211063 трет 20 3 15 4 87.5 42 129.5
211065 прв 20 5 6 0 62.5 31 93.5
211066 втор 25 1 3 5 78.67 34 112.67
211070 прв 20 5 9 4 100.4 38 138.4
211072 втор 25 5 7 0 87.5 37 124.5
211074 прв 19 2 9 4 37.29 34 71.29
211075 втор 23 5 5 3 71.15 36 107.15
211076 прв 22 4 0 0 85 26 111
211077 втор 22 5 5 15 87.5 47 134.5
211080 прв 24 4 14 8 102.5 50 152.5
211083 прв 19 4 2 2 69.65 27 96.65
211084 прв 22 5 9 0 92.5 36 128.5
211085 прв 21 0 0 0 5 21 26
211086 втор 25 5 2 3 70 35 105
211087 втор 24 4 7 0 66.5 35 101.5
211090 втор 23 4 7 12 63.32 46 109.32
211091 втор 19 3 7 7 81.98 36 117.98
211092 трет 23 4 5 0 82.84 32 114.84
211093 трет 21 4 0 0 55.5 25 80.5
211095 трет 25 4 0 0 83.8 29 112.8
211098 прв 23 3 9 6 91 41 132
211105 втор 24 4 5 3 100 36 136
211107 прв 21 5 9 10 96.5 45 141.5
211108 втор 25 4 0 0 76.76 29 105.76
211109 прв 18 0 3 4 70.9 25 95.9
211110 втор 21 5 7 10 102.5 43 145.5
211115 прв 22 5 0 0 96.5 27 123.5
211116 втор 25 5 7 15 80.83 52 132.83
211118 прв 21 4 2 0 71.75 27 98.75
211121 прв 24 0 15 6 100 45 145
211123 прв 20 4 0 0 52.05 24 76.05
211125 прв 23 5 9 0 75.15 37 112.15
211127 втор 25 4 7 10 81.5 46 127.5
211130 втор 22 4 0 0 89.25 26 115.25
211134 втор 21 4 0 0 76.68 25 101.68
211135 втор 20 4 7 0 72.26 31 103.26
211136 трет 21 4 7 15 97.5 47 144.5
211137 трет 25 5 12 15 84.8 57 141.8
211139 трет 20 4 0 0 66 24 90
211140 прв 23 5 9 0 97.5 37 134.5
211143 втор 19 4 15 0 49.54 38 87.54
211146 прв 24 5 9 0 65 38 103
211149 втор 12 2 2 0 67.5 16 83.5
211151 прв 21 4 0 0 61.4 25 86.4
211154 втор 17 0 0 0 49.67 17 66.67
211156 прв 20 4 5 3 80 32 112
211157 втор 16 4 0 0 58.5 20 78.5
211158 прв 22 1 9 7 65.65 39 104.65
211159 прв 21 0 3 4 65.1 28 93.1
211161 прв 24 5 10 0 59 39 98
211162 прв 22 5 0 0 56.5 27 83.5
211163 втор 18 4 5 5 85.3 32 117.3
211165 втор 24 4 7 0 94.17 35 129.17
211168 втор 25 4 12 15 91.5 56 147.5
211169 втор 16 5 7 13 100 41 141
211172 трет 14 3 5 3 72.01 25 97.01
211174 трет 21 4 7 15 97.5 47 144.5
211175 трет 25 5 5 0 77.17 35 112.17
211177 прв 22 4 9 4 81.25 39 120.25
211178 втор 24 3 0 0 72.69 27 99.69
211180 прв 24 5 9 9 75 47 122
211184 втор 21 3 2 0 94.34 26 120.34
211187 прв 20 3 0 0 72 23 95
211188 втор 22 4 5 0 61.14 31 92.14
211193 прв 22 3 0 0 53.25 25 78.25
211196 втор 18 0 0 0 63.51 18 81.51
211198 прв 24 5 10 6 102.9 45 147.9
211201 прв 18 4 6 4 64.05 32 96.05
211202 прв 20 5 8 7 74.65 40 114.65
211205 прв 24 4 6 7 92.5 41 133.5
211206 втор 21 0 7 4 95 32 127
211208 втор 23 5 15 7 58.83 50 108.83
211209 втор 20 5 3 12 78.84 40 118.84
211211 втор 25 5 2 0 73.84 32 105.84
211212 трет 25 3 0 0 37.18 28 65.18
211213 трет 25 5 5 4 70.5 39 109.5
211217 прв 17 0 3 4 56.25 24 80.25
211220 втор 9 0 0 3 44.5 12 56.5
211221 прв 19 5 0 4 73 28 101
211222 втор 17 3 2 3 65 25 90
211224 прв 20 0 0 0 57 20 77
211227 втор 23 4 0 4 41.08 31 72.08
211232 прв 22 4 0 0 67.82 26 93.82
211234 прв 18 0 2 0 71.5 20 91.5
211235 прв 18 2 4 0 53.88 24 77.88
211236 прв 23 5 0 0 78.64 28 106.64
211238 прв 21 5 1 2 70.9 29 99.9
211239 втор 12 0 0 0 78 12 90
211241 втор 17 5 5 7 48.66 34 82.66
211244 втор 22 4 0 0 83.67 26 109.67
211245 трет 16 3 5 2 40.64 26 66.64
211251 трет 21 4 15 0 76.5 40 116.5
211258 трет 23 4 0 0 99.01 27 126.01
211260 прв 20 1 0 0 32.9 21 53.9
211261 втор 23 5 7 0 94.67 35 129.67
211262 прв 23 4 15 7 91.17 49 140.17
211264 втор 19 4 7 0 92.76 30 122.76
211265 прв 20 4 7 5 54 36 90
211267 втор 25 5 7 10 87.5 47 134.5
211268 прв 21 2 1 0 59.5 24 83.5
211269 втор 17 4 3 0 84.34 24 108.34
211279 прв 17 0 1 0 48.5 18 66.5
211282 прв 18 4 6 0 87.5 28 115.5
211283 прв 20 0 0 0 55.83 20 75.83
211299 втор 25 5 0 0 39.83 30 69.83
211301 втор 12 3 3 0 37.84 18 55.84
212003 втор 20 2 3 3 91.67 28 119.67
212004 втор 25 5 0 0 69.83 30 99.83
212008 трет 20 5 7 12 89.67 44 133.67
212015 трет 18 2 0 0 40.22 20 60.22
212018 трет 18 2 0 0 55.86 20 75.86
212023 прв 20 5 0 0 74.4 25 99.4
212024 прв 17 3 0 3 45.5 23 68.5
212041 прв 19 3 0 0 49.3 22 71.3
212042 прв 21 5 0 0 78.6 26 104.6
212044 втор 18 4 15 9 81.55 46 127.55
212046 втор 16 5 7 7 89.6 35 124.6
212050 втор 20 3 5 3 47.83 31 78.83
212055 трет 15 1 0 0 42 16 58
212074 трет 22 4 7 10 69.97 43 112.97
212080 трет 19 3 0 0 33.37 22 55.37
212088 прв 23 2 12 8 58.15 45 103.15
212101 прв 17 0 0 0 31.8 17 48.8
213002 прв 22 4 0 0 79.5 26 105.5
213003 прв 23 5 15 9 86.9 52 138.9
213004 втор 21 5 7 4 110 37 147
213005 втор 25 4 7 12 85 48 133
213006 втор 18 5 7 3 75 33 108
213008 втор 23 5 7 15 106.3 50 156.3
213009 трет 23 4 0 0 82 27 109
213010 трет 25 5 7 15 110.67 52 162.67
213011 трет 25 5 15 15 75 60 135
213013 прв 23 5 10 12 64.33 50 114.33
213014 прв 23 4 0 0 48.15 27 75.15
213016 прв 24 4 14 10 80.83 52 132.83
213017 прв 23 4 5 6 74.15 38 112.15
213018 втор 23 4 0 0 75.17 27 102.17
213019 втор 25 3 7 3 78 38 116
213020 втор 17 4 2 3 81 26 107
213021 втор 18 4 0 0 105 22 127
213022 трет 24 4 0 0 75.67 28 103.67
213023 трет 17 4 5 10 88 36 124
213024 трет 25 5 15 13 90 58 148
213026 прв 24 5 11 15 97 55 152
213027 прв 23 4 0 0 83.5 27 110.5
213028 прв 19 1 11 0 48.05 31 79.05
213029 прв 13 1 0 0 40.67 14 54.67
213030 втор 19 5 0 0 67.5 24 91.5
213033 втор 14 3 5 5 99.01 27 126.01
213034 втор 25 5 2 7 107.5 39 146.5
213035 втор 15 5 3 0 65.8 23 88.8
213036 трет 19 3 7 0 76.48 29 105.48
213038 трет 15 4 0 5 53.07 24 77.07
213039 трет 25 4 0 0 63.8 29 92.8
213040 прв 20 4 9 7 64.5 40 104.5
213041 прв 20 0 0 0 35.17 20 55.17
213045 прв 24 5 5 0 81.67 34 115.67
213046 прв 23 5 13 10 77.65 51 128.65
213047 втор 19 5 2 0 87.97 26 113.97
213049 втор 17 4 3 0 90 24 114
213050 втор 19 3 0 2 95 24 119
213051 втор 21 4 0 0 69.83 25 94.83
213053 трет 21 4 7 10 83 42 125
213055 трет 24 0 0 0 58 24 82
213056 трет 9 3 0 0 79.25 12 91.25
213060 прв 23 0 3 0 64.07 26 90.07
213061 прв 19 2 0 0 44.65 21 65.65
213062 прв 23 4 0 0 76.75 27 103.75
213063 прв 23 0 14 10 96.5 47 143.5
213064 втор 23 5 10 15 85.59 53 138.59
213065 втор 17 2 0 0 71 19 90
213068 втор 20 5 0 0 67.99 25 92.99
213070 втор 14 4 3 0 80.77 21 101.77
213072 трет 20 3 0 0 82.86 23 105.86
213073 трет 12 3 0 0 69.8 15 84.8
213074 трет 15 4 0 0 68.89 19 87.89
213077 прв 24 4 15 11 87.5 54 141.5
213078 прв 14 4 0 0 80.92 18 98.92
213079 прв 24 5 5 9 88.3 43 131.3
213080 прв 22 5 0 0 68.7 27 95.7
213081 втор 22 3 2 0 63 27 90
213083 втор 22 4 15 10 51.9 51 102.9
213089 втор 23 4 7 7 82.5 41 123.5
213090 втор 20 3 0 0 95 23 118
213091 трет 24 5 0 0 85.92 29 114.92
213092 трет 25 5 0 3 79.61 33 112.61
213094 трет 17 4 5 12 67 38 105
213097 прв 21 0 2 0 78.05 23 101.05
213102 прв 24 5 6 0 78 35 113
213103 прв 23 4 12 7 92.5 46 138.5
213105 прв 17 2 0 0 62 19 81
213111 втор 17 4 2 9 84.47 32 116.47
213112 втор 16 5 0 0 91.9 21 112.9
213114 втор 12 0 5 10 72.89 27 99.89
213117 втор 20 4 7 3 95 34 129
213120 трет 20 4 7 0 73 31 104
213121 трет 18 4 0 0 85 22 107
213123 трет 23 5 7 5 75.67 40 115.67
213124 прв 21 2 10 5 69.83 38 107.83
213127 прв 23 5 15 0 91.5 43 134.5
213129 прв 23 4 0 0 70.5 27 97.5
213131 прв 23 4 0 0 92 27 119
213132 втор 23 3 0 0 76.67 26 102.67
213133 втор 15 4 7 7 80.67 33 113.67
213135 втор 21 4 7 7 64 39 103
213136 втор 18 4 0 0 59.49 22 81.49
213137 трет 18 3 0 10 75.67 31 106.67
213139 трет 13 3 0 0 55.8 16 71.8
213140 трет 17 4 7 2 29.56 30 59.56
213146 прв 22 0 0 0 65.9 22 87.9
213150 прв 21 1 2 3 65.9 27 92.9
213151 прв 20 3 5 0 46.05 28 74.05
213152 прв 15 2 0 1 66.8 18 84.8
213153 втор 18 3 5 0 54.9 26 80.9
213156 втор 18 3 3 5 89.68 29 118.68
213158 втор 20 3 2 3 52.17 28 80.17
213159 втор 17 4 7 15 89.3 43 132.3
213160 трет 16 4 0 0 33.5 20 53.5
213161 трет 23 4 0 0 86.5 27 113.5
213165 трет 24 5 7 7 75.97 43 118.97
213167 прв 19 4 9 7 68.33 39 107.33
213171 прв 23 5 8 6 70.65 42 112.65
213172 прв 18 1 3 0 82.83 22 104.83
213173 прв 22 5 0 0 69.37 27 96.37
213174 втор 21 5 7 0 84.01 33 117.01
213175 втор 19 3 0 0 53.01 22 75.01
213178 втор 23 4 7 3 63.01 37 100.01
213184 втор 16 4 0 0 38.27 20 58.27
213189 трет 20 3 7 3 91.67 33 124.67
213190 трет 12 4 0 0 78.53 16 94.53
213193 трет 19 2 0 0 48 21 69
213195 прв 21 5 9 4 103.65 39 142.65
213197 прв 9 0 0 0 44.8 9 53.8
213200 прв 23 3 0 0 74.13 26 100.13
213201 прв 23 4 0 0 70.15 27 97.15
213202 втор 20 4 7 5 79 36 115
213203 втор 13 4 0 3 76.5 20 96.5
213204 втор 25 4 15 0 95 44 139
213208 втор 15 0 3 3 66.76 21 87.76
213211 трет 19 3 0 0 71.36 22 93.36
213213 трет 19 3 2 0 67.84 24 91.84
213215 трет 25 5 15 13 90.18 58 148.18
213218 прв 22 2 5 6 58.5 35 93.5
213220 прв 25 3 9 8 85 45 130
213226 прв 21 4 4 5 51.83 34 85.83
213227 прв 23 0 5 5 80.3 33 113.3
213229 втор 25 4 0 0 68.34 29 97.34
213231 втор 15 3 5 3 44.83 26 70.83
213233 втор 25 5 0 0 58.5 30 88.5
213237 втор 19 4 15 5 69.75 43 112.75
213243 трет 14 5 7 3 87.29 29 116.29
213255 трет 24 4 0 0 95.67 28 123.67
213258 трет 23 4 5 3 83.84 35 118.84
213262 прв 24 3 0 0 72 27 99
213266 прв 24 4 6 0 76 34 110
213273 прв 24 5 9 10 54.63 48 102.63
213276 втор 16 2 0 0 45.89 18 63.89
213280 втор 20 5 7 15 76.5 47 123.5
213286 втор 14 3 0 0 60.57 17 77.57
213288 трет 25 3 0 3 62.17 31 93.17
213296 трет 25 2 0 0 70.14 27 97.14
214002 трет 22 0 0 0 59.08 22 81.08
215001 прв 24 5 9 0 101.25 38 139.25
215020 прв 24 5 8 0 97.98 37 134.98
215023 прв 21 3 0 0 72.55 24 96.55
215026 прв 21 3 0 0 42.25 24 66.25
215029 втор 20 4 2 3 67.16 29 96.16
215042 втор 18 3 0 0 72.93 21 93.93
215045 втор 20 4 0 0 44.5 24 68.5
215071 втор 25 5 0 0 58.17 30 88.17
215085 трет 23 4 3 0 40 30 70
215093 трет 24 5 7 4 72.52 40 112.52
216005 трет 16 5 0 0 33.5 21 54.5
216009 прв 21 3 2 3 56.38 29 85.38
216014 прв 18 4 0 0 52.95 22 74.95
216018 прв 24 5 9 0 86.4 38 124.4
216019 прв 25 4 12 0 90.05 41 131.05
216021 втор 25 5 13 15 94.25 58 152.25
216022 втор 21 4 5 9 91.67 39 130.67
216023 втор 24 4 3 5 66.13 36 102.13
216025 втор 25 5 15 15 77.34 60 137.34
216026 трет 20 4 7 0 73.34 31 104.34
216028 трет 25 4 10 12 81 51 132
216030 трет 25 4 0 0 80 29 109
216031 прв 21 0 2 3 64 26 90
216034 прв 23 5 5 0 90 33 123
216035 прв 24 4 9 14 103 51 154
216039 втор 21 4 12 13 90 50 140
216040 втор 15 0 7 15 84.67 37 121.67
216042 втор 19 4 7 0 98 30 128
216045 втор 23 5 7 15 100 50 150
216046 трет 21 5 15 13 91.34 54 145.34
216050 трет 21 4 15 15 99.17 55 154.17
216051 трет 19 4 7 15 110 45 155
216052 прв 25 5 9 14 110 53 163
216054 прв 24 5 10 6 94.5 45 139.5
216055 прв 25 4 14 0 94.4 43 137.4
216059 втор 21 4 7 15 68.6 47 115.6
216061 втор 24 4 12 13 88 53 141
216062 втор 21 5 8 15 90 49 139
216064 втор 25 5 15 13 112 58 170
216065 трет 25 5 15 15 91.4 60 151.4
216067 трет 25 5 15 15 85 60 145
216068 трет 25 5 13 15 101.67 58 159.67
216074 прв 22 4 0 0 68.9 26 94.9
216089 прв 20 4 0 0 40 24 64
216090 прв 8 0 0 0 20.67 8 28.67
216108 прв 20 3 0 0 35.17 23 58.17
216109 втор 21 5 15 0 78.09 41 119.09
216114 втор 25 5 7 15 99.34 52 151.34
216116 втор 15 3 7 3 78.67 28 106.67
216120 втор 23 2 0 0 34.34 25 59.34
216124 трет 19 0 0 0 65.3 19 84.3
216137 трет 22 4 0 0 74.5 26 100.5
216138 трет 23 3 7 0 74.65 33 107.65
216139 прв 23 5 8 5 84.83 41 125.83
216140 прв 23 5 10 6 102 44 146
216147 прв 18 4 11 5 81.83 38 119.83
216150 втор 25 5 5 3 65.2 38 103.2
233294 втор 17 4 3 2 82.76 26 108.76
239018 втор 25 3 0 0 100 28 128